4 1
chest 5
9 50 0
38 19 0
37 38 0
75 4 0
74 57 0
lifebonus 5
30 20 0
66 56 0
41 24 0
19 48 0
2 29 0
qfBonus 1
76 11 0
barricade 3
50 10 0
64 52 0
61 10 0
speedbonus 3
5 5 0
31 27 0
57 26 0
shark 7
4 50 0
9 49 0
18 50 0
25 27 0
54 16 0
59 21 0
38 30 0
octopus 11
40 45 0
38 46 0
28 46 0
46 40 0
52 39 0
58 40 0
49 16 0
44 16 0
14 18 0
8 16 0
4 17 0
mine 38
35 55 0
55 51 0
65 30 0
69 28 0
72 29 0
74 32 0
68 34 0
71 36 0
67 38 0
66 26 0
74 40 0
70 44 0
70 32 0
74 46 0
71 48 0
72 39 0
69 41 0
75 43 0
69 52 0
72 54 0
75 50 0
70 13 0
77 14 0
76 34 0
74 15 0
76 17 0
68 20 0
71 22 0
72 17 0
66 21 0
72 24 0
69 23 0
73 21 0
31 33 0
29 34 0
23 35 0
28 39 0
32 36 0
current 20
20 10 3
20 11 3
20 12 3
20 13 3
21 10 3
21 11 3
21 12 3
21 13 3
22 10 3
22 11 3
22 12 3
22 13 3
23 10 3
23 11 3
23 12 3
23 13 3
24 10 3
24 11 3
24 12 3
24 13 3
jellyfish 1
20 11 0
drone 1
10 5 0
